[165.0, 138.0, 136.0, 1681757975791]
[165.0, 137.0, 136.0, 1681757990051]
[165.0, 137.0, 136.0, 1681757990051]
[165.0, 137.0, 136.0, 1681757993241]
[165.0, 138.0, 136.0, 1681757993728]
[165.0, 138.0, 136.0, 1681757993728]
[165.0, 138.0, 136.0, 1681757993728]
[165.0, 139.0, 138.0, 1681758000491]
[165.0, 139.0, 137.0, 1681758000491]
[165.0, 139.0, 138.0, 1681758002722]
[165.0, 139.0, 138.0, 1681758002722]
[165.0, 139.0, 138.0, 1681758002722]
[165.0, 139.0, 138.0, 1681758008090]
[165.0, 139.0, 138.0, 1681758010038]
[165.0, 139.0, 138.0, 1681758010038]
[165.0, 139.0, 138.0, 1681758010038]
[165.0, 139.0, 138.0, 1681758014870]
[165.0, 139.0, 138.0, 1681758014870]
[165.0, 139.0, 138.0, 1681758018049]
[165.0, 140.0, 139.0, 1681758019998]
[165.0, 140.0, 139.0, 1681758019998]
[165.0, 140.0, 139.0, 1681758023841]
[165.0, 139.0, 138.0, 1681758025101]
[165.0, 139.0, 138.0, 1681758026696]
[165.0, 140.0, 138.0, 1681758028127]
[165.0, 140.0, 138.0, 1681758028127]
[165.0, 139.0, 138.0, 1681758028127]
[165.0, 140.0, 138.0, 1681758028127]
[165.0, 139.0, 138.0, 1681758028127]
[165.0, 139.0, 138.0, 1681758036624]
[165.0, 139.0, 138.0, 1681758036624]
[165.0, 139.0, 138.0, 1681758036624]
[165.0, 139.0, 138.0, 1681758036624]
[165.0, 139.0, 138.0, 1681758036624]
[165.0, 139.0, 138.0, 1681758044141]
[165.0, 140.0, 138.0, 1681758046728]
[165.0, 140.0, 139.0, 1681758048177]
[165.0, 140.0, 139.0, 1681758049090]
[165.0, 140.0, 139.0, 1681758051051]
[165.0, 140.0, 139.0, 1681758052424]
[165.0, 140.0, 139.0, 1681758052424]
[165.0, 141.0, 140.0, 1681758055389]
[165.0, 141.0, 140.0, 1681758056592]
[165.0, 141.0, 140.0, 1681758056592]
[165.0, 141.0, 140.0, 1681758061265]
[165.0, 141.0, 140.0, 1681758061265]
[165.0, 141.0, 140.0, 1681758061265]
[165.0, 141.0, 140.0, 1681758066003]
[165.0, 141.0, 140.0, 1681758067493]
[165.0, 142.0, 141.0, 1681758069062]
[165.0, 142.0, 141.0, 1681758069062]
[165.0, 142.0, 141.0, 1681758069062]
[165.0, 142.0, 141.0, 1681758069062]
[165.0, 142.0, 141.0, 1681758069062]
[165.0, 142.0, 141.0, 1681758077004]
[165.0, 142.0, 141.0, 1681758077004]
[165.0, 142.0, 141.0, 1681758080625]
[165.0, 142.0, 141.0, 1681758080625]
[165.0, 142.0, 141.0, 1681758080625]
[165.0, 142.0, 142.0, 1681758086571]
[165.0, 143.0, 142.0, 1681758088320]
[165.0, 143.0, 142.0, 1681758089324]
[165.0, 143.0, 142.0, 1681758091318]
[165.0, 143.0, 142.0, 1681758093334]
[165.0, 143.0, 142.0, 1681758093334]
[165.0, 143.0, 142.0, 1681758095324]
[165.0, 144.0, 143.0, 1681758097851]
[165.0, 144.0, 143.0, 1681758097851]
[165.0, 144.0, 143.0, 1681758101806]
[165.0, 143.0, 142.0, 1681758103481]
[165.0, 143.0, 142.0, 1681758103481]
[165.0, 143.0, 142.0, 1681758103481]
[165.0, 143.0, 142.0, 1681758108343]
[165.0, 143.0, 142.0, 1681758108343]
[165.0, 143.0, 142.0, 1681758108343]
[165.0, 143.0, 142.0, 1681758113568]
[165.0, 143.0, 142.0, 1681758115493]
[165.0, 144.0, 142.0, 1681758116104]
[165.0, 145.0, 143.0, 1681758116104]
[165.0, 145.0, 143.0, 1681758116104]
[165.0, 144.0, 143.0, 1681758122945]
[165.0, 144.0, 143.0, 1681758122945]
[165.0, 144.0, 142.0, 1681758122945]
[165.0, 143.0, 142.0, 1681758122945]
[165.0, 143.0, 142.0, 1681758129321]
[165.0, 144.0, 142.0, 1681758129321]
[165.0, 144.0, 142.0, 1681758129321]
[165.0, 144.0, 143.0, 1681758129321]
[165.0, 144.0, 143.0, 1681758129321]
[165.0, 144.0, 143.0, 1681758129321]
[165.0, 144.0, 143.0, 1681758129321]
[165.0, 144.0, 143.0, 1681758142059]
[165.0, 144.0, 143.0, 1681758144294]
[165.0, 144.0, 143.0, 1681758144294]
[165.0, 144.0, 143.0, 1681758144294]
[165.0, 144.0, 143.0, 1681758144294]
[165.0, 145.0, 144.0, 1681758151069]
[165.0, 145.0, 144.0, 1681758152051]
[165.0, 145.0, 144.0, 1681758155102]
[165.0, 145.0, 144.0, 1681758155102]
