Current Price: 160.57
Calls: [[149.0, 1185.0, 1165.0], [150.0, 1085.0, 1065.0], [152.5, 840.0, 819.9999999999999], [155.0, 595.0, 590.0], [157.5, 380.0, 375.0], [160.0, 202.0, 200.99999999999997], [162.5, 83.0, 82.0], [165.0, 26.0, 25.0], [167.5, 8.0, 7.000000000000001], [170.0, 3.0, 2.0], [172.5, 2.0, 1.0], [175.0, 1.0, 0.0]]
Bid Snapshot: [[160.57, 1915, 1], [160.56, 1701, 1], [160.55, 100, 1], [160.54, 100, 1], [160.5, 400, 1], [160.47, 1100, 1]]
[1915, 1701, 100, 100, 400, 1100, 3680, 200, 1100, 500]
Current Price: 160.575
Calls: [[149.0, 1185.0, 1165.0], [150.0, 1085.0, 1065.0], [152.5, 840.0, 819.9999999999999], [155.0, 595.0, 590.0], [157.5, 380.0, 375.0], [160.0, 202.0, 200.99999999999997], [162.5, 83.0, 82.0], [165.0, 26.0, 25.0], [167.5, 8.0, 7.000000000000001], [170.0, 3.0, 2.0], [172.5, 2.0, 1.0], [175.0, 1.0, 0.0]]
Bid Snapshot: [[160.57, 2006, 2], [160.56, 1801, 2], [160.55, 100, 2], [160.54, 200, 2], [160.5, 400, 2], [160.47, 200, 2]]
[1915, 1701, 100, 100, 400, 1100, 3680, 200, 1100, 500, 2006, 1801, 100, 200, 400, 200, 6338, 200, 1100, 500]
Current Price: 160.57
Calls: [[149.0, 1185.0, 1165.0], [150.0, 1085.0, 1065.0], [152.5, 840.0, 819.9999999999999], [155.0, 595.0, 585.0], [157.5, 380.0, 375.0], [160.0, 202.0, 200.99999999999997], [162.5, 83.0, 82.0], [165.0, 26.0, 25.0], [167.5, 8.0, 7.000000000000001], [170.0, 3.0, 2.0], [172.5, 2.0, 1.0], [175.0, 1.0, 0.0]]
Bid Snapshot: [[160.57, 400, 3], [160.56, 1901, 3], [160.55, 200, 3], [160.54, 100, 3], [160.5, 400, 3], [160.47, 1100, 3]]
[1915, 1701, 100, 100, 400, 1100, 3680, 200, 1100, 500, 2006, 1801, 100, 200, 400, 200, 6338, 200, 1100, 500, 400, 1901, 200, 100, 400, 1100, 9564, 100]
Current Price: 160.5768
Calls: [[149.0, 1185.0, 1165.0], [150.0, 1085.0, 1065.0], [152.5, 840.0, 819.9999999999999], [155.0, 595.0, 585.0], [157.5, 380.0, 375.0], [160.0, 202.0, 200.99999999999997], [162.5, 83.0, 82.0], [165.0, 26.0, 25.0], [167.5, 8.0, 7.000000000000001], [170.0, 3.0, 2.0], [172.5, 2.0, 1.0], [175.0, 1.0, 0.0]]
Bid Snapshot: [[160.57, 566, 4], [160.56, 1701, 4], [160.55, 200, 4], [160.54, 200, 4], [160.5, 400, 4], [160.47, 900, 4]]
[1915, 1701, 100, 100, 400, 1100, 3680, 200, 1100, 500, 2006, 1801, 100, 200, 400, 200, 6338, 200, 1100, 500, 400, 1901, 200, 100, 400, 1100, 9564, 100, 566, 1701, 200, 200, 400, 900, 10986, 100]
Current Price: 160.562
Calls: [[149.0, 1185.0, 1165.0], [150.0, 1085.0, 1065.0], [152.5, 840.0, 819.9999999999999], [155.0, 595.0, 585.0], [157.5, 380.0, 375.0], [160.0, 202.0, 200.0], [162.5, 82.0, 81.0], [165.0, 26.0, 25.0], [167.5, 8.0, 7.000000000000001], [170.0, 3.0, 2.0], [172.5, 2.0, 1.0], [175.0, 1.0, 0.0]]
Bid Snapshot: [[160.57, 596, 5], [160.56, 601, 5], [160.55, 200, 5], [160.53, 100, 5], [160.5, 400, 5], [160.47, 1100, 5]]
[1915, 1701, 100, 100, 400, 1100, 3680, 200, 1100, 500, 2006, 1801, 100, 200, 400, 200, 6338, 200, 1100, 500, 400, 1901, 200, 100, 400, 1100, 9564, 100, 566, 1701, 200, 200, 400, 900, 10986, 100, 596, 601, 200, 100, 400, 1100, 9886, 200, 100]
Current Price: 160.565
Calls: [[149.0, 1185.0, 1165.0], [150.0, 1085.0, 1065.0], [152.5, 840.0, 819.9999999999999], [155.0, 595.0, 585.0], [157.5, 380.0, 370.0], [160.0, 202.0, 200.0], [162.5, 82.0, 81.0], [165.0, 26.0, 25.0], [167.5, 8.0, 7.000000000000001], [170.0, 3.0, 2.0], [172.5, 2.0, 1.0], [175.0, 1.0, 0.0]]
Bid Snapshot: [[160.56, 541, 6], [160.55, 3100, 6], [160.54, 300, 6], [160.53, 200, 6], [160.51, 31, 6], [160.5, 100, 6], [160.47, 900, 6]]
[1915, 1701, 100, 100, 400, 1100, 3680, 200, 1100, 500, 2006, 1801, 100, 200, 400, 200, 6338, 200, 1100, 500, 400, 1901, 200, 100, 400, 1100, 9564, 100, 566, 1701, 200, 200, 400, 900, 10986, 100, 596, 601, 200, 100, 400, 1100, 9886, 200, 100, 541, 3100, 300, 200, 31, 100, 900, 5400, 1080, 100]
Current Price: 160.56
Calls: [[149.0, 1185.0, 1165.0], [150.0, 1085.0, 1065.0], [152.5, 840.0, 819.9999999999999], [155.0, 595.0, 585.0], [157.5, 380.0, 370.0], [160.0, 202.0, 200.0], [162.5, 82.0, 81.0], [165.0, 26.0, 25.0], [167.5, 8.0, 7.000000000000001], [170.0, 3.0, 2.0], [172.5, 2.0, 1.0], [175.0, 1.0, 0.0]]
Bid Snapshot: [[160.56, 2811, 7], [160.55, 400, 7], [160.53, 100, 7], [160.51, 31, 7], [160.5, 100, 7], [160.47, 1100, 7]]
[1915, 1701, 100, 100, 400, 1100, 3680, 200, 1100, 500, 2006, 1801, 100, 200, 400, 200, 6338, 200, 1100, 500, 400, 1901, 200, 100, 400, 1100, 9564, 100, 566, 1701, 200, 200, 400, 900, 10986, 100, 596, 601, 200, 100, 400, 1100, 9886, 200, 100, 541, 3100, 300, 200, 31, 100, 900, 5400, 1080, 100, 2811, 400, 100, 31, 100, 1100, 4381, 1380, 100, 100, 1300]
Current Price: 160.555
Calls: [[149.0, 1185.0, 1165.0], [150.0, 1085.0, 1065.0], [152.5, 840.0, 819.9999999999999], [155.0, 595.0, 585.0], [157.5, 380.0, 370.0], [160.0, 200.99999999999997, 200.0], [162.5, 82.0, 81.0], [165.0, 26.0, 25.0], [167.5, 8.0, 7.000000000000001], [170.0, 3.0, 2.0], [172.5, 2.0, 1.0], [175.0, 1.0, 0.0]]
Bid Snapshot: [[160.55, 9015, 8], [160.53, 100, 8], [160.52, 200, 8], [160.51, 31, 8]]
[1915, 1701, 100, 100, 400, 1100, 3680, 200, 1100, 500, 2006, 1801, 100, 200, 400, 200, 6338, 200, 1100, 500, 400, 1901, 200, 100, 400, 1100, 9564, 100, 566, 1701, 200, 200, 400, 900, 10986, 100, 596, 601, 200, 100, 400, 1100, 9886, 200, 100, 541, 3100, 300, 200, 31, 100, 900, 5400, 1080, 100, 2811, 400, 100, 31, 100, 1100, 4381, 1380, 100, 100, 1300, 9015, 100, 200, 31, 977, 800, 1880, 300, 200]
Current Price: 160.56